# oST version 5.0 parameters


[image]

width
640

height
480

[stereopi_right]

camera matrix
332.540712 0.000000 274.755051
0.000000 338.000024 235.697417
0.000000 0.000000 1.000000

distortion
-0.284333 0.051985 0.005062 0.007543 0.000000

rectification
1.000000 0.000000 0.000000
0.000000 1.000000 0.000000
0.000000 0.000000 1.000000

projection
225.159546 0.000000 278.783547 0.000000
0.000000 273.328949 238.883640 0.000000
0.000000 0.000000 1.000000 0.000000

