# oST version 5.0 parameters


[image]

width
640

height
480

[stereopi_left]

camera matrix
319.375405 0.000000 304.192396
0.000000 323.680426 237.427061
0.000000 0.000000 1.000000

distortion
-0.254968 0.040225 0.003280 0.003321 0.000000

rectification
1.000000 0.000000 0.000000
0.000000 1.000000 0.000000
0.000000 0.000000 1.000000

projection
205.617355 0.000000 318.905704 0.000000
0.000000 264.259338 239.491562 0.000000
0.000000 0.000000 1.000000 0.000000

