# oST version 5.0 parameters


[image]

width
640

height
480

[narrow_stereo/left]

camera matrix
313.498181 0.000000 315.282857
0.000000 317.136725 243.011026
0.000000 0.000000 1.000000

distortion
-0.265713 0.048201 0.001115 0.000027 0.000000

rectification
0.993504 -0.032323 0.109107
0.032101 0.999477 0.003793
-0.109173 -0.000266 0.994023

projection
262.977465 0.000000 186.184582 0.000000
0.000000 262.977465 240.677944 0.000000
0.000000 0.000000 1.000000 0.000000
# oST version 5.0 parameters


[image]

width
640

height
480

[narrow_stereo/right]

camera matrix
304.719372 0.000000 264.859410
0.000000 307.301108 238.860978
0.000000 0.000000 1.000000

distortion
-0.288549 0.063977 0.002254 0.000924 0.000000

rectification
0.997988 -0.030910 0.055352
0.031023 0.999518 -0.001174
-0.055289 0.002889 0.998466

projection
262.977465 0.000000 186.184582 -18.137651
0.000000 262.977465 240.677944 0.000000
0.000000 0.000000 1.000000 0.000000
